29,5
29,4
29,3
29,2
29,1
29,0
23,5
23,4
23,3
23,2
23,1
23,0
20,3
20,2
20,1
20,0
16,3
16,2
16,1
16,0
15,99
15,98
15,97
15,96
15,95
15,94
15,93
15,90
15,89
15,88
15,87
15,86
15,85
15,84
15,83
15,82
15,81
15,80
15,79
15,78
15,77
15,76
15,75
15,74
15,73
15,72
15,71
15,70
15,69
15,68
15,67
15,66
15,65
15,64
15,32
15,31
15,30
15,29
15,28
15,27
15,26
15,25
15,24
15,23
15,22
15,21
15,20
15,19
15,18
15,17
15,14
15,13
15,12
15,11
15,10
15,9
15,8
15,7
15,6
15,5
15,4
15,3
15,2
15,1
15,0
14,5
14,4
14,3
14,2
14,1
14,0
13,3
13,2
13,1
13,0
4,3
2,3
1,3
0,412
0,324
0,243
0,9
0,0
0,1
0,397
0,300
0,420
0,299
0,419
0,298
0,418
0,297
0,417
0,296
0,416
0,295
0,415
0,294
0,414
0,293
0,413
0,292
0,411
0,291
0,410
0,290
0,409
0,289
0,408
0,288
0,407
0,287
0,438
0,286
0,406
0,285
0,405
0,284
0,404
0,283
0,403
0,282
0,432
0,281
0,431
0,280
0,430
0,279
0,429
0,278
0,437
0,277
0,436
0,276
0,435
0,275
0,426
0,274
0,425
0,273
0,424
0,272
0,423
0,271
0,427
0,270
0,434
0,269
0,396
0,268
0,395
0,267
0,394
0,266
0,393
0,265
0,392
0,264
0,391
0,263
0,390
0,262
0,389
0,261
0,388
0,260
0,387
0,259
0,386
0,258
0,385
0,257
0,422
0,256
0,433
0,255
0,421
0,254
0,402
0,253
0,401
0,252
0,384
0,251
0,400
0,250
0,317
0,249
0,383
0,248
0,382
0,247
0,381
0,246
0,380
0,245
0,379
0,244
0,378
0,242
0,377
0,241
0,376
0,240
0,375
0,239
0,374
0,238
0,373
0,237
0,372
0,236
0,371
0,235
0,370
0,234
0,369
0,233
0,368
0,232
0,367
0,231
0,366
0,230
0,365
0,229
0,364
0,228
0,363
0,227
0,362
0,226
0,361
0,225
0,357
0,224
0,356
0,223
0,355
0,222
0,354
0,221
0,360
0,220
0,353
0,219
0,344
0,218
0,217
0,342
0,216
0,341
0,215
0,340
0,214
0,352
0,213
0,339
0,212
0,338
0,211
0,337
0,210
0,336
0,209
0,335
0,208
0,334
0,207
0,333
0,206
0,332
0,205
0,331
0,204
0,348
0,203
0,351
0,202
0,350
0,201
0,358
0,200
0,347
0,199
0,330
0,198
0,349
0,197
0,329
0,196
0,328
0,195
0,327
0,194
0,326
0,193
0,325
0,192
0,428
0,63
0,346
0,62
0,322
0,61
0,359
0,60
0,399
0,59
0,320
0,58
0,319
0,57
0,318
0,56
0,398
0,55
0,316
0,54
0,315
0,53
0,314
0,52
0,313
0,51
0,312
0,50
0,311
0,49
0,310
0,48
0,309
0,47
0,308
0,46
0,307
0,45
0,301
0,6
0,5
0,304
0,303
0,306
0,305
0,302
0,12
0,10
0,8
0,11
0,4
0,2
0,3
0,7
